structure(list(`-1` = c(0, 0.28, 0.2, 0.51, 0.11, 2.73, 0.18, 
1.53, -0.1, -0.52, 0.4, 0.3, -1, 1.57, 0.59), `1` = c(-2.6931, 
-2.6931, -2.6931, -2.6931, -2.6931, -2.6931, -2.6931, -2.6931, 
-2.6931, 2.2261, -4.1921, -4.9217, -2.6931, -2.6931, -2.6931), 
    `2` = c(3.0777, 3.0777, 3.0777, 3.0777, 2.8369, 3.0777, 3.0777, 
    3.0777, 0.0744, 3.0777, 3.0777, 3.0777, 3.0777, 3.0777, 3.0777
    ), `3` = c(1.9607, 1.9607, 0.0744, 0.0744, 0.0744, -4.7548, 
    0.0744, 2.4064, 0.0744, 0.0744, 0.0744, 0.0744, 2.2261, -4.9217, 
    -4.1921), `4` = c(1.9607, 0.0744, 1.9607, 0.0744, 0.0744, 
    0.0744, 0.0744, 0.0744, 0.0744, 0.0744, 0.0744, 0.0744, 2.2261, 
    0.0744, 0.0744), `5` = c(2.8369, 2.8369, 2.8369, 2.8369, 
    2.8369, 2.8369, -1.2201, 2.8369, 2.8369, 2.8369, 2.8369, 
    2.8369, 2.8369, 2.8369, 2.8369), `6` = c(-2.5271, -2.5271, 
    -2.5271, -2.5271, -2.5271, -2.5271, -2.5271, -2.5271, -2.5271, 
    -5.3648, -1.0285, 1.2977, -2.5271, -2.5271, -2.5271), `7` = c(0.3891, 
    0.3891, 0.3891, 0.3891, 1.4092, 0.3891, 0.3891, 0.3891, -1.7333, 
    0.3891, 0.3891, 0.3891, 0.3891, 0.3891, 0.3891), `8` = c(-1.6324, 
    -1.6324, -1.7333, -1.7333, -1.7333, 3.6521, -1.7333, 1.7438, 
    -1.7333, -1.7333, -1.7333, -1.7333, -5.3648, 1.2977, -1.0285
    ), `9` = c(-1.6324, -1.7333, -1.6324, -1.7333, -1.7333, -1.7333, 
    -1.7333, -1.7333, -1.7333, -1.7333, -1.7333, -1.7333, -5.3648, 
    -1.7333, -1.7333), `10` = c(1.4092, 1.4092, 1.4092, 1.4092, 
    1.4092, 1.4092, 0.8829, 1.4092, 1.4092, 1.4092, 1.4092, 1.4092, 
    1.4092, 1.4092, 1.4092), `11` = c(-1.2871, -1.2871, -1.2871, 
    -1.2871, -1.2871, -1.2871, -1.2871, -1.2871, -1.2871, 0.3049, 
    -0.9801, 0.4473, -1.2871, -1.2871, -1.2871), `12` = c(-0.0701, 
    -0.0701, -0.0701, -0.0701, -3.1398, -0.0701, -0.0701, -0.0701, 
    0.0902, -0.0701, -0.0701, -0.0701, -0.0701, -0.0701, -0.0701
    ), `13` = c(0.5746, 0.5746, 0.0902, 0.0902, 0.0902, 0.8524, 
    0.0902, 1.1057, 0.0902, 0.0902, 0.0902, 0.0902, 0.3049, 0.4473, 
    -0.9801), `14` = c(0.5746, 0.0902, 0.5746, 0.0902, 0.0902, 
    0.0902, 0.0902, 0.0902, 0.0902, 0.0902, 0.0902, 0.0902, 0.3049, 
    0.0902, 0.0902), `15` = c(-3.1398, -3.1398, -3.1398, -3.1398, 
    -3.1398, -3.1398, 2.2253, -3.1398, -3.1398, -3.1398, -3.1398, 
    -3.1398, -3.1398, -3.1398, -3.1398)), .Names = c("-1", "1", 
"2", "3", "4", "5", "6", "7", "8", "9", "10", "11", "12", "13", 
"14", "15"), row.names = c(NA, 15L), class = "data.frame")
