structure(list(`-1` = c(8.234870918, 6.355672185, 4.724192713, 
2.602132207, 0.313130401, -1.821164624, -3.375131641, -5.440837379, 
-7.888616333, 0), `0` = c(1, 1, 1, 1, 1, 1, 1, 1, 1, 1), `1` = c(1, 
2, 3, 4, 5, 6, 7, 8, 9, 10)), .Names = c("-1", "0", "1"), row.names = c(NA, 
10L), class = "data.frame")
